tweet_elonmusk_2095087210479382726
tweet_elonmusk_2095087210479382726
tweet_elonmusk_2095223438252413175
tweet_elonmusk_2095223438252413175
2095537301048733793
2095547366631997726
tweet_elonmusk_2095222663924822402
2095528299090854111
2095528435011485748
2095541022365266094
2095547318141325676
2095583963003728109
2095584908852805643
2095589575573839881
2095497427080057230
2095513199135088756
2095521365424054572
2095598839860285551
2095603483919491237
2095603777302659202
2095604997668892983
2095608838837731528
2095524315936530834
2096294593906020365
2096282081466683756
2096268016732254232
2096283219545264494
2096285234106904753
2096273652798882267
2096278224527294690
2096236837773685186
2096286487230685349
2095700054426222941
2095756242870509980
2096284572350857562
2096285173788840001
2096252925941027224
2096245466669490610
2096297169737179546
2096238549737537889
2096279721843589356
2096262780760547456
2095703149503762886
2095707001477009409
2095715234560274527
2095716454456787036
2095717295192486239
2095718694328393975
2095719587929039200
2095720611695759704
2095727096123244624
2096278173285589397
2095720611695759704
2096200386327511289
2095731348996821200
2096241436509544744
2096213618782081221
2096276574869856641
2096289255060365632
2096270845542846764
2096345381718172096
2096307162964500640
2096334482026418605
2096384869362434131
2096319454032339192
2096363411600818671
2096369084283678990
2096302448365486223
2096317188936179939
2096328144542183919
2096362565676707866
2096303110725718364
2096372892099358928
2096378061377900881
2096355006651810023
2096332306847875580
2096310217898356739
2096289428402737621
2096352541332189259
2096292876128788565
2096330495470576069
2096380667982741653
2096363242516054174
2096370959997603898
2096367306423067106
2096397955217379417
2096437225177170398
2096412693859082681
2096436978556576251
2096455097626861749
2096413100232859711
2096444756788449722
2096460075271647647
2096404421680759174
2096404240629661903
2096395958091391330
2096454091690164725
2096545779720519787
2096543933870260541
2096538659386204671
2096532071506186554
2096538905336074512
2096559388446138810
2096544824354578493
2096498271846056396
2096512143063740726
2096486220918657164
2096488756379328579
2096559205901578331
2096509437414388179
2096542809348280634
2096554098552086624
2096649842843955286
2096627910438170838
2096594109116903713
2096640350999732339
2096632464219525525
2096655957077975302
2096584204746125664
2096647364836540564
2096625304009597207
2096620473505161520
2096644859721368054
2096644584885583969
2096658840620286445
2096657893911081182
2096653733161750925
2096622426410959204
2096610279744315714
2096636431100002453
2096594107669868774
2096744838045606314
2096657511788990750
2096647222729302345
2096729049909338579
2096708090968129885
2096745011782021390
2096736220667924937
2096736682108416477
2096697445715526118
2096690850722091152
2096701413351211410
2096678914252747226
2096742775064608995
2096700523332374978
2096704588283793741
2096708532682780701
2096708532682780701
2096721633876771094
2096673873777275138
2096738616806355324
2096711368485315066
2096713750040760454
2096735445208199642
2096719639585722728
2096830108367466646
2096740056446693630
2096668648685666456
2096789683178963201
2096794565499883839
2096921651849945241
2096835355471167601
2096901306057175216
2096875356732969427
2096887423774937590
2096877041727500639
2096918904291344568
2096924408321306679
2096902494643224624
2096901791723962423
2096875213082292274
2096914134818308533
2096869878246359048
2096913640037446116
2096916717955903539
2096893044779814935
2096844840000454968
2096894429630230717
2096909844829872274
2096911632081322430
2097006888122765766
2097007003914715338
2097019334295994877
2097007341329686893
2096999538510934362
2096971715372851475
2096966644870394260
2096977384352194564
2097018866677231631
2096939115522429420
2096956290291380426
2097017965522661813
2097007343909105854
2097006629434884543
2096982290375098599
2096982638728769602
2097007158156034352
2096998038443348263
2096942331547271314
2096936109817135331
2096942497268166673
2097014214506229905
2096946153900138796
2097086086187028714
2097039165028245537
2097099846087843905
2097053473326162283
2097095792167199152
2097099979240177898
2097090472791429464
2097012692435537938
2097090240875778287
2097024176569679987
2097102367309045767
2097048306195349821
2097069731505131926
2097107113835466796
2097053792735019206
2097097631461761246
2097086667295502386
2097058741325881442
2097055132009861234
2097081238280351806
2097107179069202751
2097089905960882659
2097097833543520488
2097030038990238044
2097107039096824110
2097190362884321359
2097134660077642008
2097188189815329149
2097182282499178812
2097118481565245553
2097114567021126094
2097107048156520885
2097179677781622979
2097189909073432821
2097112682352787736
2097098269910327712
2097126381192650799
2097127804538175671
2097178833480769623
2097159444979134829
2097125526573855086
2097141358293381265
2097174709699854395
2097195137940263219
2097119318039212526
2097189631540531520
2097103422201696287
2097187696754196846
2097119000085795312
2097289084632723473
2097234534907490620
2097278810970374631
2097254072441045256
2097262250201399392
2097261672125677887
2097253058015006723
2097248589747482913
2097291734967603532
2097283665805938834
2097237277889937539
2097266218290008325
2097232194502607145
2097288737373696087
2097279357073097124
2097208479517741518
2097285239995314408
2097246426551955493
2097268939025956868
2097283053374828656
2097278731265941651
2097222169432346781
2097362874289054126
2097372131310940280
2097345436516262140
2097376533555855443
2097356422006661454
2097363679419252840
2097361319423091052
2097314552576885021
2097375276384567642
2097331979918127471
2097369005699031113
2097382709991792706
2097333516933447883
2097382902602609141
2097357656469975109
2097308993915900171
2097324036611031230
2097302133800312969
2097349760592347526
2097328485320556893
2097373384577515717
2097369798518681891
2097374643518640382
2097334643888472445
2097378683489231037
2097425302532018405
2097468167660650519
2097410392322392156
2097444888673436038
2097465506735194585
2097446464041660608
2097454036572323877
2097375711510351885
2097467102143668689
2097421968878272539
2097396251075747885
2097428631941255501
2097456201382633936
2097459998473273410
2097435796160802862
2097465931106508933
2097444630552014920
2097437555985670537
2097390820093804977
2097414611977003278
2097425967241142347
2097405488958730358
2097443157952913709
2097419060904354198
2097448896272416905
2097560782212841524
2097473558892925410
2097519727870464122
2097496641171575058
2097544289232597059
2097496207920603397
2097529678634385861
2097523484629090408
2097542261403955500
2097469576711676279
2097481201250435397
2097490196279218387
2097533357945147853
2097541055574839449
2097530427246260391
2097473235843461509
2097474058493517870
2097530009447813400
2097519172385411284
2097475608368284070
2097475037305446434
2097485875492044899
2097507987430559822
2097596709631087087
2097645122921881757
2097588316065702050
2097641175469408670
2097601796701053390
2097553898164670925
2097617884142784635
2097630427938795549
2097649079572427200
2097650494730559733
2097598062143394289
2097641167089222034
2097593422261387569
2097611206307574079
2097630830789038282
2097638309384036705
2097614298818167055
2097618873134563619
2097594691437150493
2097509294157529267
2097645441433178468
2097635742352629825
2097485352529514727
2097796625020375209
2097792178034483227
2097759861127643633
2097812746230251668
2097759332305715241
2097820321709691356
2097805600503812231
2097770264012460223
2097807851913629861
2097753937525022775
2097786616311840853
2097784189823135808
2097836677301768516
2097750585109828083
2097813258111435254
2097744936187859425
2097802286323859470
2097759699626328575
2097807989075755298
2097744539322634639
2097759699626328575
2097762851788398971
2097802652914733565
2097813299685388348
2097885399645380888
2097897881868927155
2097906203527446813
2097907944570650849
2097834369779950005
2097858147251630214
2097872757090668757
2097839914058707416
2097854621590987166
2097883736905851214
2097839471131529573
2097823101694189975
2097880881587494913
2097867687594487833
2097853622411219010
2097834607626576380
2097920860573036679
2097861539491463331
2097905381796348369
2097916357979615503
2097833445229818191
2097864589040095583
2097836705747218683
2097876365580161414
2097894533279469607
2098007854523285516
2098003577499193695
2097943500008366179
2097999815963500798
2097976660721078551
2097945973833994505
2097990968754737310
2097979438411452539
2097958262788493732
2098004635458113674
2097941102393229485
2098015726271652135
2097936679642247625
2098018099891220950
2098012233280168094
2097969942482088031
2098002796163551323
2097993463849455798
2097971267270013051
2098015669493129565
2098070621762834759
2098098151420797063
2098103224146297234
2098037253243281731
2098062165596868928
2098088778476691904
2098086598919270561
2098099269551149398
2098040195773837489
2098108777778000070
2098101446541525102
2098035613953851841
2098083259687080334
2098087021390528924
2098081973390725346
2098094178848620756
2098102100278575192
2098100297067335972
2098071187888701824
2098086977186705637
2098026841844138247
2098073010217377842
2098090214702948382
2098066944410648919
2098097512544444447
2098192445037027551
2098176160991703417
2098182536950120834
2098195985121902770
2098183338750341517
2098188789675897268
2098138439635898723
2098139447975952393
2098154822868320479
2098124882559353166
2098171691927007503
2098188984258027802
2098160669610684442
2098149586183270842
2098167375342239957
2098138201797870025
2098097512544444447
2098181881023844392
2098197053772017962
2098278685719585262
2098271011888070721
2098230082204528860
2098218362849353942
2098285461504503894
2098197967656112363
2098281009989235173
2098363796683170280
2098380424749662664
2098365965977219544
2098315999111987652
2098374495677341759
2098364689533067379
2098378783396974736
2098371510230466874
2098368300799402082
2098369929900654729
2098336999149101166
2098341782488588302
2098331769892130941
2098351373196652899
2098315939712254312
2098368517204754529
2098377550351249416
2098375716882546807
2098338760434106729
2098365183781638503
2098346300823478480
2098350271151628486
2098464119221350514
2098430238036234580
2098447044331311528
2098468642832732607
2098460666248167700
2098459820001014158
2098456715268112411
2098439018836853080
2098428059867029673
2098390851860807728
2098391688934822076
2098441688322904257
2098451696972161115
2098448804227809591
2098456567175647515
2098457810757456049
2098457153631891597
2098390853915902259
2098429434575376829
2098469371601375339
2098468425269961111
2098454569818734658
2098434587005423811
2098463819949572512
2098549043135676449
2098490695614971986
2098545041941971048
2098463873468649651
2098520735757083113
2098501248743878803
2098512644416434180
2098503968251064395
2098507950050427350
2098528182315950247
2098517490867605840
2098462700611219924
2098538813836624013
2098558722238742844
2098519616070828492
2098541488607027285
2098482269086503324
2098467039895597229
2098523199478624273
2098539871832862994
2098528280987201663
2098460919730688419
2098525064279040448
2098592456895771078
2098629154199531948
2098581358469611549
2098637732860023244
2098739853542203452
2098732646553845819
2098691840518062481
2098737464277868620
2099214451119439894
2099627786453352632
2100374437098881273
2100546723315683720
2100682639115960599
2100918305305354251
2101333413479301294
2101727356847091747
2098773920774074715
2100701581109072332
2099011024825290817
2099094048388620612
2099158311811580146
2099371217786466455
2099456850726990020
2099594797086330994
2099727507943555371
2099822138450477440
2099890266261827932
2100094694977896747
2100143939084795935
2100370684928995371
2100552329061634064
2100677779364712691
2100743612338151508
2100892019602211114
2101126788281737618
2101357054577238043
2101451403847749998
2101546956132688074
2101635468634771839
2101688860195397843
2101757671003087018
2099642027239436623
2099921927104037361
2100193157522620711
2098808754296779001
2099171197162234159
2100659420610875878
2101019652612636712
2101330876093153579
2101785975311786101
2101102624858837138
2098790193725906952
2100047378560463102
2101107549814620659
2098806846635069779
2098840584987238789
2099182048841773078
2099241267511079076
2099899159478161586
2099978547498471770
2100225992623009880
2100692497060298783
2101003527099445496
2101028076540805194
2101337158543987101
2101434534546071600
2101734133454315736
2098833200521031885
2100273492319195261
2100321288426582439
2100624789933293720
2101403602887827936
2101492641959657509
2101815677866635506
2098808431880646819
2099093410581762550
2099167732872696129
2099247069609308192
2099629335569211541
2099766165094506725
2099907555191406955
2100085796015386758
2100123390895857745
2100279047720730645
2100434572244873402
2100723976515244323
2100806996265939025
2100823033158004779
2100989681198309385
2101085771662840134
2101311457187016970
2101384958581354794
2101533613015663072
2098773653080973384
2098879612855955635
2098969942376792327
2099090730169839880
2099186679978361001
2099213517123416164
2099453123194401204
2099544716480008250
2099664522520744291
2099800396630036963
2100057084314415220
2100177905116393959
2100321950253912552
2100540294940791024
2100781876004651506
2100898889750491466
2100637913310478839
2099664115249614892
2101297028693143893
2099629482273309095
2099344430222221744
2101981621654052915
2101897717517545970
2101980424314511798
2101603797210439964
2101818386401448329
2101909846832377863
2101057449025561004
2101363678809305434
2101386358547755257
2101778740262904133
2101991816434213074
2100401166894952641
2102199014074810561
2100952430116560967
2102056050408952121
2100947920556024260
2099635964477915212
2099641838898393565
2100321292071162147
2100977190091272288
2102095867251433725
2098922247607968215
2098950501651841387
2099170030420115689
2099281671946178670
2099370898771878032
2099823351338348697
2099877054581793172
2099998176958660687
2100160175038443910
2100213110703337898
2100361517925351835
2100757984934584628
2100813905983414679
2100987997894197277
2101092649142993044
2101315546151108726
2101454318457221566
2101466449709584689
2101547677007643028
2102022478079856897
2102184138820194777
2102211276764299530
2099983698271563860
2098820137797230864
2098820491091873882
2098925731669565553
2099621712140579038
2099199561160106237
2099564933327237534
2099644981631959362
2100315656994603216
2100412353045270869
2102030967070236932
2102092520767234340
2102236288157901168
2102090116776796486
2102272326515782080
2102047876335489238
2102103114819981619
2102080095863062530
2102182786782085278
2102281270755487791
2101991722100109550
2102087973135061260
2102345221522547089
2099083151763018231
2099196462328398089
2099262303182930360
2099350737457139712
2099556664403775622
2099637550549737536
2099716157679030657
2099908788505489489
2100051311710408971
2100543893011890510
2100731383534526935
2100794759132393539
2101002023499887019
2101165851269624149
2101456164785459707
2101489739257848289
2101641126654415325
2101799248647815236
2101877991689363786
2102005172465512672
2102209523771646376
2098817098797535323
2099233221770637714
2099363133680689321
2099399844691345664
2099824011974750297
2099855637236600974
2100287842702209423
2100980494263312823
2101421856557285636
2101813837917790718
2101817252823634406
2101960551337202155
2102246005743788143
2098944752678760891
2099334141485432902
2100191719656714264
2100228297514717327
2100802228537704516
2101347585508458953
2101821866893791703
2102065317627285627
2098818672043126891
2099549991098352118
2099697096735527176
2099992921596416062
2101640747027931597
2102356564044603666
2099245685644341712
2099901287009824951
2099649215110713546
2100888813337784561
2102514524876157042
2102160896160088143
2102434180365746664
2102490741729595459
2100037663227343118
2100908675686641766
2101359289344446519
2100328286287020224
2101075842809892910
2102380934595055752
2098739059778850888
2099090407267377393
2099172766431773154
2099453104064491744
2099713568933319128
2099812973959356902
2099866513062703128
2099984735128691137
2100076495490228379
2100436325711106371
2100625829927747675
2101354146003816802
2101395794981183889
2101507255573098508
2101626171284951052
2101891928459710656
2101981009839575270
2102167441581158833
2102348711799951455
2099342504646541329
2100234948506439789
2100422078184796281
2100613309846200474
2100922350485004294
2101157142711394450
2102581807422255271
2102727994942902417
2102446905347150153
2102623064106111475
2102442731696214199
2102536482657387005
2102450362766540945
2102533407787917492
2102722152461934687
2102603628502786101
2102710363808846037
2102534657824972900
2102650420225319364
2100986973871579479
2101049570817880207
2101111278718636147
2101384327691202714
2101498716620218865
2101828001344471530
2102071858145239400
2102260206000578690
2102513764537135308
2098941385579897285
2099139732550914412
2099351001136349245
2099601468030595527
2100065099457397086
2100754948728508602
2100946339559252066
2099564363980079615
2099887522604335365
2100075652582129850
2100963318269960611
2101123304526635325
2101360760794538484
2102165695723339985
2102438393569571028
2099519714921746774
2099555567744282684
2100038219005870508
2100703187623702887
2102537611080245297
2099565390380576982
2099558754245116268
2102353877873942981
2102513591941214281
2102576885125304502
2102448899113840723
2102601769448599958
2101047853942800473
2101386479461384361
2102515657233617320
2102627190571733366
2099180556563189769
2099276859817034055
2099613271191867625
2099805158641127777
2099919731138703408
2100046905900171282
2100187932082503838
2100362558473388107
2100529528078577672
2100708162173374638
2100911266575376503
2101268633657721220
2102761196805816776
2102800804126052724
2100795835688587759
2101799240104095924
2099823042973327635
2101838824145915996
2102548505076097510
2101498994396442870
2100637183862284386
2102888006700904625
2102858850550649332
2101094166038269995
2101809790913572905
2101886385909346611
2101973435853209986
2102167489509781644
2102264538208837694
2102316320091963725
2102628215286300787
2102672360361095530
2102794222655189288
2102979386266079538
2098803826060853660
2098894429188915627
2098969924077269451
2099030319206691261
2099173764143403383
2100163861387096206
2100479874305602012
2100559781643616355
2100736566385926570
2101061201757188200
2101114057965404621
2101204651169427583
2101567038288466376
2101770874789691745
2102004925194809637
2102186115424006326
2102322010399326617
2102654200786391222
2102767444582392164
2098849122501472514
2098942601051181411
2099168477034729826
2099219312468754555
2099960544094572856
2100347166619254863
2100718943405301891
2101085115078349063
2102768931702198780
2102897863097545197
2102908283207971296
2102990566078251154
2103079005020709349
2102903815301382342
2102893357865312378
2102938066952564800
2102807732470329808
2102895806550265886
2102971295335960807
2103069731812950363
2102910713333485749
2102948068668952982
2102900185185820776
2102971503314616655
2102888843909439558
2102922241008902356
2102866520166576220
2102818276439138367
2102908560145301704
2101000308453240891
2101359916997017799
2101444654059118729
2101858927574954232
2101977238883221919
2103087246140199096
2101486727411925331
2102710819058335907
2102810223840780646
2102904939668255201
2101417774132199542
2102080426131198334
2102772089853993019
2102917397397020839
2101525932284518781
2100679992720142459
2102093145051943229
2102447425243828347
2102837574092161102
2098821508105720125
2099303728381563346
2099452031312269669
2099476581932577204
2099777765289431201
2099915723950661936
2100577681842602262
2101289917561159839
2102188833609593006
2102857267150475286
2098878668823019846
2099110123390038524
2099594706128601374
2100316038407528469
2100675842900742563
2101095880988434728
2101596876172648926
2101763343958614094
2102289236665700665
2102425683989344533
2102839164110602637
2101082658147360853
2102704285905502616
2103106675179704473
2103174603443167636
2103124053494051304
2103164809772425528
2103107652888772664
2099351935644311634
2099460403772195010
2098954937476526214
2101491584885793025
2103237697334645063
